[directions=20]
CoordinateSystem = xyz
Normalisation = none
Vector[0] =( 0.000, 0.000, 0.000 )
Vector[1] =( 0.000, 0.000, 0.000 )
Vector[2] =( 0.000, 0.000, 0.000 )
Vector[3] =( -0.395273, 0.157685, 0.564978 )
Vector[4] =( 0.427000, 0.903000, 0.046000 )
Vector[5] =( 0.505581, -0.253851, 0.424264 )
Vector[6] =( -0.114000, 0.105000, -0.988000 )
Vector[7] =( -0.164756, -0.688015, -0.004243 )
Vector[8] =( -0.897000, 0.415000, 0.147000 )
Vector[9] =( -0.663973, -0.241123, 0.026870 )
Vector[10] =( 0.000, 0.000, 0.000 )
Vector[11] =( 0.195000, -0.708000, -0.679000 )
Vector[12] =( 0.189505, 0.304763, 0.608819 )
Vector[13] =( -0.316000, 0.783000, -0.535000 )
Vector[14] =( -0.089803, -0.441235, 0.545179 )
Vector[15] =( -0.796000, -0.349000, 0.494000 )
Vector[16] =( 0.439113, -0.542351, -0.113844 )
Vector[17] =( 0.810000, 0.209000, 0.547000 )
Vector[18] =( 0.000, 0.000, 0.000 )
Vector[19] =( -0.473762, -0.421436, -0.313248 )
