[directions=8]
CoordinateSystem = xyz
Normalisation = none
Vector[0] =( 0.000, 0.000, 0.000 )
Vector[1] =( -0.395273, 0.157685, 0.564978 )
Vector[2] =( 0.427000, 0.903000, 0.046000 )
Vector[3] =( 0.505581, -0.253851, 0.424264 )
Vector[4] =( -0.114000, 0.105000, -0.988000 )
Vector[5] =( -0.164756, -0.688015, -0.004243 )
Vector[6] =( -0.897000, 0.415000, 0.147000 )
Vector[7] =( -0.663973, -0.241123, 0.026870 )
