[directions=36]
CoordinateSystem = xyz
Normalisation = none
Vector[0] =( 0.652000, -0.715000, -0.254000 )
Vector[1] =( -0.321295, -0.006928, -0.803672 )
Vector[2] =( 0.659000, 0.699000, -0.277000 )
Vector[3] =( 0.427000, 0.205000, 0.881000 )
Vector[4] =( 0.803672, -0.007794, -0.321295 )
Vector[5] =( 0.000, 0.000, 0.000 )
Vector[6] =( 0.235000, -0.705000, 0.669000 )
Vector[7] =( -0.565000, 0.077000, 0.822000 )
Vector[8] =( -0.098207, -0.553745, -0.183990 )
Vector[9] =( -0.971000, -0.037000, -0.234000 )
Vector[10] =( -0.012990, 0.865159, -0.039837 )
Vector[11] =( 0.000, 0.000, 0.000 )
Vector[12] =( 0.147000, 0.872000, 0.467000 )
Vector[13] =( -0.232000, -0.414000, 0.880000 )
Vector[14] =( 0.640859, 0.517017, 0.270200 )
Vector[15] =( -0.765000, 0.536000, -0.356000 )
Vector[16] =( -0.105000, -0.986000, 0.131000 )
Vector[17] =( 0.000, 0.000, 0.000 )
Vector[18] =( 0.336884, -0.480644, -0.636529 )
Vector[19] =( 0.149000, -0.506000, -0.850000 )
Vector[20] =( -0.935000, -0.142000, 0.326000 )
Vector[21] =( 0.164545, 0.543864, -0.653849 )
Vector[22] =( -0.702000, -0.549000, -0.453000 )
Vector[23] =( 0.000, 0.000, 0.000 )
Vector[24] =( -0.520000, 0.275000, -0.809000 )
Vector[25] =( 0.571493, -0.150860, 0.026622 )
Vector[26] =( -0.372000, 0.927000, -0.054000 )
Vector[27] =( -0.677232, 0.505759, -0.187061 )
Vector[28] =( 0.829000, -0.325000, -0.456000 )
Vector[29] =( 0.000, 0.000, 0.000 )
Vector[30] =( -0.331000, -0.751000, 0.572000 )
Vector[31] =( -0.202650, -0.602754, -0.588031 )
Vector[32] =( 0.025000, -0.038000, -0.999000 )
Vector[33] =( -0.546000, -0.821000, -0.163000 )
Vector[34] =( 0.609682, 0.494501, -0.365463 )
Vector[35] =( 0.000, 0.000, 0.000 )
